kinematics:
  shoulder:
    x: 0
    y: 0
    z: 0.15206051713536217
    roll: -0
    pitch: 0
    yaw: -6.3755123264064295e-08
  upper_arm:
    x: -6.3978193879490766e-05
    y: 0
    z: 0
    roll: 1.5695365641285139
    pitch: 0
    yaw: -5.4772811300629947e-06
  forearm:
    x: -0.24389065709911587
    y: 0
    z: 0
    roll: 0.0030229765334408572
    pitch: 0.0019899457574951034
    yaw: -1.5669345440005778e-05
  wrist_1:
    x: -0.21327669697036078
    y: -0.00057333579432119
    z: 0.13171590301679076
    roll: 0.0043527938557369524
    pitch: 0.0015446671251848688
    yaw: 5.3698502350038828e-06
  wrist_2:
    x: 6.635716429230116e-05
    y: -0.085453517753952019
    z: -6.8858227874813363e-05
    roll: 1.5716021240842446
    pitch: 0
    yaw: 7.3974456488469526e-06
  wrist_3:
    x: -0.00013694662239245389
    y: 0.092272525510643771
    z: -0.00012591202870617854
    roll: 1.5694317608002164
    pitch: 3.1415926535897931
    yaw: 3.1415923214388095
  hash: calib_12764322437346203087