kinematics:
  shoulder:
    x: 0
    y: 0
    z: 0.15192150172689337
    roll: -0
    pitch: 0
    yaw: 1.1833342688366555e-07
  upper_arm:
    x: -0.00012461602357908866
    y: 0
    z: 0
    roll: 1.5692255885201063
    pitch: 0
    yaw: -3.4312722516811706e-07
  forearm:
    x: -0.24389462932045183
    y: 0
    z: 0
    roll: 0.0024743423730569365
    pitch: 0.0010710515508641583
    yaw: -1.1427379295951079e-06
  wrist_1:
    x: -0.21344729002884305
    y: -0.00047546934120473207
    z: 0.13095684711918718
    roll: 0.0036307170066570004
    pitch: -0.00058811123877430273
    yaw: -1.3701540596238056e-06
  wrist_2:
    x: 2.7496415144958817e-05
    y: -0.085424047904029493
    z: -5.3656056545012009e-05
    roll: 1.5714244409009974
    pitch: 0
    yaw: 2.7503691199769194e-06
  wrist_3:
    x: -3.6492588291571221e-05
    y: 0.092227137791354011
    z: -4.2534995455997434e-05
    roll: 1.5703351285677929
    pitch: 3.1415926535897931
    yaw: 3.1415922475097373
  hash: calib_6800932532586149415